8.600000000000000000e+01 8.000000000000000000e+00
8.700000000000000000e+01 3.000000000000000000e+00
8.800000000000000000e+01 7.000000000000000000e+00
9.000000000000000000e+01 8.000000000000000000e+00
9.100000000000000000e+01 8.000000000000000000e+00
9.400000000000000000e+01 1.800000000000000000e+01
9.700000000000000000e+01 2.100000000000000000e+01
9.900000000000000000e+01 2.500000000000000000e+01
1.010000000000000000e+02 2.600000000000000000e+01
1.060000000000000000e+02 2.700000000000000000e+01
1.070000000000000000e+02 2.700000000000000000e+01
1.110000000000000000e+02 3.400000000000000000e+01
1.140000000000000000e+02 3.500000000000000000e+01
1.210000000000000000e+02 1.300000000000000000e+01
1.230000000000000000e+02 1.300000000000000000e+01
1.250000000000000000e+02 1.300000000000000000e+01
1.270000000000000000e+02 1.300000000000000000e+01
1.300000000000000000e+02 1.200000000000000000e+01
1.320000000000000000e+02 1.200000000000000000e+01
1.430000000000000000e+02 1.200000000000000000e+01
1.470000000000000000e+02 1.200000000000000000e+01
1.480000000000000000e+02 1.300000000000000000e+01
1.520000000000000000e+02 1.300000000000000000e+01
1.540000000000000000e+02 1.300000000000000000e+01
1.560000000000000000e+02 1.300000000000000000e+01
1.610000000000000000e+02 1.300000000000000000e+01
1.670000000000000000e+02 3.300000000000000000e+01
1.700000000000000000e+02 4.100000000000000000e+01
1.730000000000000000e+02 5.100000000000000000e+01
1.810000000000000000e+02 1.070000000000000000e+02
1.830000000000000000e+02 1.150000000000000000e+02
1.870000000000000000e+02 1.310000000000000000e+02
1.890000000000000000e+02 1.420000000000000000e+02
1.930000000000000000e+02 1.720000000000000000e+02
1.950000000000000000e+02 1.740000000000000000e+02
1.980000000000000000e+02 1.960000000000000000e+02
2.010000000000000000e+02 2.240000000000000000e+02
2.040000000000000000e+02 2.490000000000000000e+02
2.080000000000000000e+02 3.290000000000000000e+02
2.110000000000000000e+02 3.910000000000000000e+02
2.130000000000000000e+02 4.680000000000000000e+02
2.160000000000000000e+02 5.160000000000000000e+02
2.180000000000000000e+02 5.540000000000000000e+02
2.210000000000000000e+02 5.990000000000000000e+02
2.230000000000000000e+02 6.700000000000000000e+02
2.250000000000000000e+02 7.860000000000000000e+02
2.280000000000000000e+02 8.340000000000000000e+02
2.300000000000000000e+02 9.720000000000000000e+02
2.320000000000000000e+02 1.082000000000000000e+03
2.380000000000000000e+02 1.378000000000000000e+03
2.430000000000000000e+02 1.698000000000000000e+03
2.480000000000000000e+02 1.871000000000000000e+03
2.500000000000000000e+02 2.081000000000000000e+03
2.520000000000000000e+02 2.407000000000000000e+03
2.570000000000000000e+02 2.710000000000000000e+03
2.600000000000000000e+02 3.022000000000000000e+03
2.640000000000000000e+02 3.280000000000000000e+03
2.660000000000000000e+02 3.458000000000000000e+03
2.710000000000000000e+02 3.696000000000000000e+03
2.740000000000000000e+02 3.834000000000000000e+03
2.770000000000000000e+02 3.924000000000000000e+03
2.800000000000000000e+02 4.076000000000000000e+03
2.840000000000000000e+02 4.249000000000000000e+03
2.860000000000000000e+02 4.262000000000000000e+03
2.910000000000000000e+02 4.665000000000000000e+03
2.980000000000000000e+02 6.535000000000000000e+03
3.040000000000000000e+02 6.525000000000000000e+03
3.080000000000000000e+02 6.619000000000000000e+03
3.120000000000000000e+02 6.822000000000000000e+03
3.140000000000000000e+02 6.878000000000000000e+03
3.190000000000000000e+02 7.069000000000000000e+03
3.220000000000000000e+02 7.082000000000000000e+03
3.260000000000000000e+02 7.168000000000000000e+03
